service_id,monday,tuesday,wednesday,thursday,friday,saturday,sunday,start_date,end_date
1049L,1,0,0,0,0,0,0,20240708,20240708                                                                                                                 
1050M,0,1,0,0,0,0,0,20240709,20240709                                                                                                                 
1051X,0,0,1,0,0,0,0,20240710,20240710                                                                                                                 
1052J,0,0,0,1,0,0,0,20240711,20240711                                                                                                                 
1053V,0,0,0,0,1,0,0,20240712,20240712                                                                                                                 
1054S,0,0,0,0,0,1,0,20240713,20240713                                                                                                                 
1055D,0,0,0,0,0,0,1,20240714,20240714                                                                                                                 
1056L,1,0,0,0,0,0,0,20240715,20240715                                                                                                                 
1057M,0,1,0,0,0,0,0,20240716,20240716                                                                                                                 
1058X,0,0,1,0,0,0,0,20240717,20240717                                                                                                                 
1059J,0,0,0,1,0,0,0,20240718,20240718                                                                                                                 
1060V,0,0,0,0,1,0,0,20240719,20240719                                                                                                                 
1061S,0,0,0,0,0,1,0,20240720,20240720                                                                                                                 
1062D,0,0,0,0,0,0,1,20240721,20240721                                                                                                                 
1063L,1,0,0,0,0,0,0,20240722,20240722                                                                                                                 
1064M,0,1,0,0,0,0,0,20240723,20240723                                                                                                                 
1065X,0,0,1,0,0,0,0,20240724,20240724                                                                                                                 
1066J,0,0,0,1,0,0,0,20240725,20240725                                                                                                                 
1067V,0,0,0,0,1,0,0,20240726,20240726                                                                                                                 
1068S,0,0,0,0,0,1,0,20240727,20240727                                                                                                                 
1069D,0,0,0,0,0,0,1,20240728,20240728                                                                                                                 
1070L,1,0,0,0,0,0,0,20240729,20240729                                                                                                                 
1071M,0,1,0,0,0,0,0,20240730,20240730                                                                                                                 
1072X,0,0,1,0,0,0,0,20240731,20240731                                                                                                                 
1073J,0,0,0,1,0,0,0,20240801,20240801                                                                                                                 
1074V,0,0,0,0,1,0,0,20240802,20240802                                                                                                                 
1075S,0,0,0,0,0,1,0,20240803,20240803                                                                                                                 
1076D,0,0,0,0,0,0,1,20240804,20240804                                                                                                                 
1077L,1,0,0,0,0,0,0,20240805,20240805                                                                                                                 
1078M,0,1,0,0,0,0,0,20240806,20240806                                                                                                                 
1079X,0,0,1,0,0,0,0,20240807,20240807                                                                                                                 
2049L,1,0,0,0,0,0,0,20240708,20240708                                                                                                                 
2050M,0,1,0,0,0,0,0,20240709,20240709                                                                                                                 
2051X,0,0,1,0,0,0,0,20240710,20240710                                                                                                                 
2052J,0,0,0,1,0,0,0,20240711,20240711                                                                                                                 
2053V,0,0,0,0,1,0,0,20240712,20240712                                                                                                                 
2054S,0,0,0,0,0,1,0,20240713,20240713                                                                                                                 
2055D,0,0,0,0,0,0,1,20240714,20240714                                                                                                                 
2056L,1,0,0,0,0,0,0,20240715,20240715                                                                                                                 
2057M,0,1,0,0,0,0,0,20240716,20240716                                                                                                                 
2058X,0,0,1,0,0,0,0,20240717,20240717                                                                                                                 
2059J,0,0,0,1,0,0,0,20240718,20240718                                                                                                                 
2060V,0,0,0,0,1,0,0,20240719,20240719                                                                                                                 
2061S,0,0,0,0,0,1,0,20240720,20240720                                                                                                                 
2062D,0,0,0,0,0,0,1,20240721,20240721                                                                                                                 
2063L,1,0,0,0,0,0,0,20240722,20240722                                                                                                                 
2064M,0,1,0,0,0,0,0,20240723,20240723                                                                                                                 
2065X,0,0,1,0,0,0,0,20240724,20240724                                                                                                                 
2066J,0,0,0,1,0,0,0,20240725,20240725                                                                                                                 
2067V,0,0,0,0,1,0,0,20240726,20240726                                                                                                                 
2068S,0,0,0,0,0,1,0,20240727,20240727                                                                                                                 
2069D,0,0,0,0,0,0,1,20240728,20240728                                                                                                                 
2070L,1,0,0,0,0,0,0,20240729,20240729                                                                                                                 
2071M,0,1,0,0,0,0,0,20240730,20240730                                                                                                                 
2072X,0,0,1,0,0,0,0,20240731,20240731                                                                                                                 
2073J,0,0,0,1,0,0,0,20240801,20240801                                                                                                                 
2074V,0,0,0,0,1,0,0,20240802,20240802                                                                                                                 
2075S,0,0,0,0,0,1,0,20240803,20240803                                                                                                                 
2076D,0,0,0,0,0,0,1,20240804,20240804                                                                                                                 
2077L,1,0,0,0,0,0,0,20240805,20240805                                                                                                                 
2078M,0,1,0,0,0,0,0,20240806,20240806                                                                                                                 
2079X,0,0,1,0,0,0,0,20240807,20240807                                                                                                                 
3049L,1,0,0,0,0,0,0,20240708,20240708                                                                                                                 
3050M,0,1,0,0,0,0,0,20240709,20240709                                                                                                                 
3051X,0,0,1,0,0,0,0,20240710,20240710                                                                                                                 
3052J,0,0,0,1,0,0,0,20240711,20240711                                                                                                                 
3053V,0,0,0,0,1,0,0,20240712,20240712                                                                                                                 
3054S,0,0,0,0,0,1,0,20240713,20240713                                                                                                                 
3055D,0,0,0,0,0,0,1,20240714,20240714                                                                                                                 
3056L,1,0,0,0,0,0,0,20240715,20240715                                                                                                                 
3057M,0,1,0,0,0,0,0,20240716,20240716                                                                                                                 
3058X,0,0,1,0,0,0,0,20240717,20240717                                                                                                                 
3059J,0,0,0,1,0,0,0,20240718,20240718                                                                                                                 
3060V,0,0,0,0,1,0,0,20240719,20240719                                                                                                                 
3061S,0,0,0,0,0,1,0,20240720,20240720                                                                                                                 
3062D,0,0,0,0,0,0,1,20240721,20240721                                                                                                                 
3063L,1,0,0,0,0,0,0,20240722,20240722                                                                                                                 
3064M,0,1,0,0,0,0,0,20240723,20240723                                                                                                                 
3065X,0,0,1,0,0,0,0,20240724,20240724                                                                                                                 
3066J,0,0,0,1,0,0,0,20240725,20240725                                                                                                                 
3067V,0,0,0,0,1,0,0,20240726,20240726                                                                                                                 
3068S,0,0,0,0,0,1,0,20240727,20240727                                                                                                                 
3069D,0,0,0,0,0,0,1,20240728,20240728                                                                                                                 
3070L,1,0,0,0,0,0,0,20240729,20240729                                                                                                                 
3071M,0,1,0,0,0,0,0,20240730,20240730                                                                                                                 
3072X,0,0,1,0,0,0,0,20240731,20240731                                                                                                                 
3073J,0,0,0,1,0,0,0,20240801,20240801                                                                                                                 
3074V,0,0,0,0,1,0,0,20240802,20240802                                                                                                                 
3075S,0,0,0,0,0,1,0,20240803,20240803                                                                                                                 
3076D,0,0,0,0,0,0,1,20240804,20240804                                                                                                                 
3077L,1,0,0,0,0,0,0,20240805,20240805                                                                                                                 
3078M,0,1,0,0,0,0,0,20240806,20240806                                                                                                                 
3079X,0,0,1,0,0,0,0,20240807,20240807                                                                                                                 
3149L,1,0,0,0,0,0,0,20240708,20240708                                                                                                                 
3150M,0,1,0,0,0,0,0,20240709,20240709                                                                                                                 
3151X,0,0,1,0,0,0,0,20240710,20240710                                                                                                                 
3152J,0,0,0,1,0,0,0,20240711,20240711                                                                                                                 
3153V,0,0,0,0,1,0,0,20240712,20240712                                                                                                                 
3154S,0,0,0,0,0,1,0,20240713,20240713                                                                                                                 
3155D,0,0,0,0,0,0,1,20240714,20240714                                                                                                                 
3156L,1,0,0,0,0,0,0,20240715,20240715                                                                                                                 
3157M,0,1,0,0,0,0,0,20240716,20240716                                                                                                                 
3158X,0,0,1,0,0,0,0,20240717,20240717                                                                                                                 
3159J,0,0,0,1,0,0,0,20240718,20240718                                                                                                                 
3160V,0,0,0,0,1,0,0,20240719,20240719                                                                                                                 
3161S,0,0,0,0,0,1,0,20240720,20240720                                                                                                                 
3162D,0,0,0,0,0,0,1,20240721,20240721                                                                                                                 
3163L,1,0,0,0,0,0,0,20240722,20240722                                                                                                                 
3164M,0,1,0,0,0,0,0,20240723,20240723                                                                                                                 
3165X,0,0,1,0,0,0,0,20240724,20240724                                                                                                                 
3166J,0,0,0,1,0,0,0,20240725,20240725                                                                                                                 
3167V,0,0,0,0,1,0,0,20240726,20240726                                                                                                                 
3168S,0,0,0,0,0,1,0,20240727,20240727                                                                                                                 
3169D,0,0,0,0,0,0,1,20240728,20240728                                                                                                                 
3170L,1,0,0,0,0,0,0,20240729,20240729                                                                                                                 
3171M,0,1,0,0,0,0,0,20240730,20240730                                                                                                                 
3172X,0,0,1,0,0,0,0,20240731,20240731                                                                                                                 
3173J,0,0,0,1,0,0,0,20240801,20240801                                                                                                                 
3174V,0,0,0,0,1,0,0,20240802,20240802                                                                                                                 
3175S,0,0,0,0,0,1,0,20240803,20240803                                                                                                                 
3176D,0,0,0,0,0,0,1,20240804,20240804                                                                                                                 
3177L,1,0,0,0,0,0,0,20240805,20240805                                                                                                                 
3178M,0,1,0,0,0,0,0,20240806,20240806                                                                                                                 
3179X,0,0,1,0,0,0,0,20240807,20240807                                                                                                                 
3249L,1,0,0,0,0,0,0,20240708,20240708                                                                                                                 
3250M,0,1,0,0,0,0,0,20240709,20240709                                                                                                                 
3251X,0,0,1,0,0,0,0,20240710,20240710                                                                                                                 
3252J,0,0,0,1,0,0,0,20240711,20240711                                                                                                                 
3253V,0,0,0,0,1,0,0,20240712,20240712                                                                                                                 
3254S,0,0,0,0,0,1,0,20240713,20240713                                                                                                                 
3255D,0,0,0,0,0,0,1,20240714,20240714                                                                                                                 
3256L,1,0,0,0,0,0,0,20240715,20240715                                                                                                                 
3257M,0,1,0,0,0,0,0,20240716,20240716                                                                                                                 
3258X,0,0,1,0,0,0,0,20240717,20240717                                                                                                                 
3259J,0,0,0,1,0,0,0,20240718,20240718                                                                                                                 
3260V,0,0,0,0,1,0,0,20240719,20240719                                                                                                                 
3261S,0,0,0,0,0,1,0,20240720,20240720                                                                                                                 
3262D,0,0,0,0,0,0,1,20240721,20240721                                                                                                                 
3263L,1,0,0,0,0,0,0,20240722,20240722                                                                                                                 
3264M,0,1,0,0,0,0,0,20240723,20240723                                                                                                                 
3265X,0,0,1,0,0,0,0,20240724,20240724                                                                                                                 
3266J,0,0,0,1,0,0,0,20240725,20240725                                                                                                                 
3267V,0,0,0,0,1,0,0,20240726,20240726                                                                                                                 
3268S,0,0,0,0,0,1,0,20240727,20240727                                                                                                                 
3269D,0,0,0,0,0,0,1,20240728,20240728                                                                                                                 
3270L,1,0,0,0,0,0,0,20240729,20240729                                                                                                                 
3271M,0,1,0,0,0,0,0,20240730,20240730                                                                                                                 
3272X,0,0,1,0,0,0,0,20240731,20240731                                                                                                                 
3273J,0,0,0,1,0,0,0,20240801,20240801                                                                                                                 
3274V,0,0,0,0,1,0,0,20240802,20240802                                                                                                                 
3275S,0,0,0,0,0,1,0,20240803,20240803                                                                                                                 
3276D,0,0,0,0,0,0,1,20240804,20240804                                                                                                                 
3277L,1,0,0,0,0,0,0,20240805,20240805                                                                                                                 
3278M,0,1,0,0,0,0,0,20240806,20240806                                                                                                                 
3279X,0,0,1,0,0,0,0,20240807,20240807                                                                                                                 
4049L,1,0,0,0,0,0,0,20240708,20240708                                                                                                                 
4050M,0,1,0,0,0,0,0,20240709,20240709                                                                                                                 
4051X,0,0,1,0,0,0,0,20240710,20240710                                                                                                                 
4052J,0,0,0,1,0,0,0,20240711,20240711                                                                                                                 
4053V,0,0,0,0,1,0,0,20240712,20240712                                                                                                                 
4054S,0,0,0,0,0,1,0,20240713,20240713                                                                                                                 
4055D,0,0,0,0,0,0,1,20240714,20240714                                                                                                                 
4056L,1,0,0,0,0,0,0,20240715,20240715                                                                                                                 
4057M,0,1,0,0,0,0,0,20240716,20240716                                                                                                                 
4058X,0,0,1,0,0,0,0,20240717,20240717                                                                                                                 
4059J,0,0,0,1,0,0,0,20240718,20240718                                                                                                                 
4060V,0,0,0,0,1,0,0,20240719,20240719                                                                                                                 
4061S,0,0,0,0,0,1,0,20240720,20240720                                                                                                                 
4062D,0,0,0,0,0,0,1,20240721,20240721                                                                                                                 
4063L,1,0,0,0,0,0,0,20240722,20240722                                                                                                                 
4064M,0,1,0,0,0,0,0,20240723,20240723                                                                                                                 
4065X,0,0,1,0,0,0,0,20240724,20240724                                                                                                                 
4066J,0,0,0,1,0,0,0,20240725,20240725                                                                                                                 
4067V,0,0,0,0,1,0,0,20240726,20240726                                                                                                                 
4068S,0,0,0,0,0,1,0,20240727,20240727                                                                                                                 
4069D,0,0,0,0,0,0,1,20240728,20240728                                                                                                                 
4070L,1,0,0,0,0,0,0,20240729,20240729                                                                                                                 
4071M,0,1,0,0,0,0,0,20240730,20240730                                                                                                                 
4072X,0,0,1,0,0,0,0,20240731,20240731                                                                                                                 
4073J,0,0,0,1,0,0,0,20240801,20240801                                                                                                                 
4074V,0,0,0,0,1,0,0,20240802,20240802                                                                                                                 
4075S,0,0,0,0,0,1,0,20240803,20240803                                                                                                                 
4076D,0,0,0,0,0,0,1,20240804,20240804                                                                                                                 
4077L,1,0,0,0,0,0,0,20240805,20240805                                                                                                                 
4078M,0,1,0,0,0,0,0,20240806,20240806                                                                                                                 
4079X,0,0,1,0,0,0,0,20240807,20240807                                                                                                                 
4149L,1,0,0,0,0,0,0,20240708,20240708                                                                                                                 
4150M,0,1,0,0,0,0,0,20240709,20240709                                                                                                                 
4151X,0,0,1,0,0,0,0,20240710,20240710                                                                                                                 
4152J,0,0,0,1,0,0,0,20240711,20240711                                                                                                                 
4153V,0,0,0,0,1,0,0,20240712,20240712                                                                                                                 
4154S,0,0,0,0,0,1,0,20240713,20240713                                                                                                                 
4155D,0,0,0,0,0,0,1,20240714,20240714                                                                                                                 
4156L,1,0,0,0,0,0,0,20240715,20240715                                                                                                                 
4157M,0,1,0,0,0,0,0,20240716,20240716                                                                                                                 
4158X,0,0,1,0,0,0,0,20240717,20240717                                                                                                                 
4159J,0,0,0,1,0,0,0,20240718,20240718                                                                                                                 
4160V,0,0,0,0,1,0,0,20240719,20240719                                                                                                                 
4161S,0,0,0,0,0,1,0,20240720,20240720                                                                                                                 
4162D,0,0,0,0,0,0,1,20240721,20240721                                                                                                                 
4163L,1,0,0,0,0,0,0,20240722,20240722                                                                                                                 
4164M,0,1,0,0,0,0,0,20240723,20240723                                                                                                                 
4165X,0,0,1,0,0,0,0,20240724,20240724                                                                                                                 
4166J,0,0,0,1,0,0,0,20240725,20240725                                                                                                                 
4167V,0,0,0,0,1,0,0,20240726,20240726                                                                                                                 
4168S,0,0,0,0,0,1,0,20240727,20240727                                                                                                                 
4169D,0,0,0,0,0,0,1,20240728,20240728                                                                                                                 
4170L,1,0,0,0,0,0,0,20240729,20240729                                                                                                                 
4171M,0,1,0,0,0,0,0,20240730,20240730                                                                                                                 
4172X,0,0,1,0,0,0,0,20240731,20240731                                                                                                                 
4173J,0,0,0,1,0,0,0,20240801,20240801                                                                                                                 
4174V,0,0,0,0,1,0,0,20240802,20240802                                                                                                                 
4175S,0,0,0,0,0,1,0,20240803,20240803                                                                                                                 
4176D,0,0,0,0,0,0,1,20240804,20240804                                                                                                                 
4177L,1,0,0,0,0,0,0,20240805,20240805                                                                                                                 
4178M,0,1,0,0,0,0,0,20240806,20240806                                                                                                                 
4179X,0,0,1,0,0,0,0,20240807,20240807                                                                                                                 
5049L,1,0,0,0,0,0,0,20240708,20240708                                                                                                                 
5050M,0,1,0,0,0,0,0,20240709,20240709                                                                                                                 
5051X,0,0,1,0,0,0,0,20240710,20240710                                                                                                                 
5052J,0,0,0,1,0,0,0,20240711,20240711                                                                                                                 
5053V,0,0,0,0,1,0,0,20240712,20240712                                                                                                                 
5054S,0,0,0,0,0,1,0,20240713,20240713                                                                                                                 
5055D,0,0,0,0,0,0,1,20240714,20240714                                                                                                                 
5056L,1,0,0,0,0,0,0,20240715,20240715                                                                                                                 
5057M,0,1,0,0,0,0,0,20240716,20240716                                                                                                                 
5058X,0,0,1,0,0,0,0,20240717,20240717                                                                                                                 
5059J,0,0,0,1,0,0,0,20240718,20240718                                                                                                                 
5060V,0,0,0,0,1,0,0,20240719,20240719                                                                                                                 
5061S,0,0,0,0,0,1,0,20240720,20240720                                                                                                                 
5062D,0,0,0,0,0,0,1,20240721,20240721                                                                                                                 
5063L,1,0,0,0,0,0,0,20240722,20240722                                                                                                                 
5064M,0,1,0,0,0,0,0,20240723,20240723                                                                                                                 
5065X,0,0,1,0,0,0,0,20240724,20240724                                                                                                                 
5066J,0,0,0,1,0,0,0,20240725,20240725                                                                                                                 
5067V,0,0,0,0,1,0,0,20240726,20240726                                                                                                                 
5068S,0,0,0,0,0,1,0,20240727,20240727                                                                                                                 
5069D,0,0,0,0,0,0,1,20240728,20240728                                                                                                                 
5070L,1,0,0,0,0,0,0,20240729,20240729                                                                                                                 
5071M,0,1,0,0,0,0,0,20240730,20240730                                                                                                                 
5072X,0,0,1,0,0,0,0,20240731,20240731                                                                                                                 
5073J,0,0,0,1,0,0,0,20240801,20240801                                                                                                                 
5074V,0,0,0,0,1,0,0,20240802,20240802                                                                                                                 
5075S,0,0,0,0,0,1,0,20240803,20240803                                                                                                                 
5076D,0,0,0,0,0,0,1,20240804,20240804                                                                                                                 
5077L,1,0,0,0,0,0,0,20240805,20240805                                                                                                                 
5078M,0,1,0,0,0,0,0,20240806,20240806                                                                                                                 
5079X,0,0,1,0,0,0,0,20240807,20240807                                                                                                                 
6049L,1,0,0,0,0,0,0,20240708,20240708                                                                                                                 
6050M,0,1,0,0,0,0,0,20240709,20240709                                                                                                                 
6051X,0,0,1,0,0,0,0,20240710,20240710                                                                                                                 
6052J,0,0,0,1,0,0,0,20240711,20240711                                                                                                                 
6053V,0,0,0,0,1,0,0,20240712,20240712                                                                                                                 
6054S,0,0,0,0,0,1,0,20240713,20240713                                                                                                                 
6055D,0,0,0,0,0,0,1,20240714,20240714                                                                                                                 
6056L,1,0,0,0,0,0,0,20240715,20240715                                                                                                                 
6057M,0,1,0,0,0,0,0,20240716,20240716                                                                                                                 
6058X,0,0,1,0,0,0,0,20240717,20240717                                                                                                                 
6059J,0,0,0,1,0,0,0,20240718,20240718                                                                                                                 
6060V,0,0,0,0,1,0,0,20240719,20240719                                                                                                                 
6061S,0,0,0,0,0,1,0,20240720,20240720                                                                                                                 
6062D,0,0,0,0,0,0,1,20240721,20240721                                                                                                                 
6063L,1,0,0,0,0,0,0,20240722,20240722                                                                                                                 
6064M,0,1,0,0,0,0,0,20240723,20240723                                                                                                                 
6065X,0,0,1,0,0,0,0,20240724,20240724                                                                                                                 
6066J,0,0,0,1,0,0,0,20240725,20240725                                                                                                                 
6067V,0,0,0,0,1,0,0,20240726,20240726                                                                                                                 
6068S,0,0,0,0,0,1,0,20240727,20240727                                                                                                                 
6069D,0,0,0,0,0,0,1,20240728,20240728                                                                                                                 
6070L,1,0,0,0,0,0,0,20240729,20240729                                                                                                                 
6071M,0,1,0,0,0,0,0,20240730,20240730                                                                                                                 
6072X,0,0,1,0,0,0,0,20240731,20240731                                                                                                                 
6073J,0,0,0,1,0,0,0,20240801,20240801                                                                                                                 
6074V,0,0,0,0,1,0,0,20240802,20240802                                                                                                                 
6075S,0,0,0,0,0,1,0,20240803,20240803                                                                                                                 
6076D,0,0,0,0,0,0,1,20240804,20240804                                                                                                                 
6077L,1,0,0,0,0,0,0,20240805,20240805                                                                                                                 
6078M,0,1,0,0,0,0,0,20240806,20240806                                                                                                                 
6079X,0,0,1,0,0,0,0,20240807,20240807                                                                                                                 
6149L,1,0,0,0,0,0,0,20240708,20240708                                                                                                                 
6150M,0,1,0,0,0,0,0,20240709,20240709                                                                                                                 
6151X,0,0,1,0,0,0,0,20240710,20240710                                                                                                                 
6152J,0,0,0,1,0,0,0,20240711,20240711                                                                                                                 
6153V,0,0,0,0,1,0,0,20240712,20240712                                                                                                                 
6154S,0,0,0,0,0,1,0,20240713,20240713                                                                                                                 
6155D,0,0,0,0,0,0,1,20240714,20240714                                                                                                                 
6156L,1,0,0,0,0,0,0,20240715,20240715                                                                                                                 
6157M,0,1,0,0,0,0,0,20240716,20240716                                                                                                                 
6158X,0,0,1,0,0,0,0,20240717,20240717                                                                                                                 
6159J,0,0,0,1,0,0,0,20240718,20240718                                                                                                                 
6160V,0,0,0,0,1,0,0,20240719,20240719                                                                                                                 
6161S,0,0,0,0,0,1,0,20240720,20240720                                                                                                                 
6162D,0,0,0,0,0,0,1,20240721,20240721                                                                                                                 
6163L,1,0,0,0,0,0,0,20240722,20240722                                                                                                                 
6164M,0,1,0,0,0,0,0,20240723,20240723                                                                                                                 
6165X,0,0,1,0,0,0,0,20240724,20240724                                                                                                                 
6166J,0,0,0,1,0,0,0,20240725,20240725                                                                                                                 
6167V,0,0,0,0,1,0,0,20240726,20240726                                                                                                                 
6168S,0,0,0,0,0,1,0,20240727,20240727                                                                                                                 
6169D,0,0,0,0,0,0,1,20240728,20240728                                                                                                                 
6170L,1,0,0,0,0,0,0,20240729,20240729                                                                                                                 
6171M,0,1,0,0,0,0,0,20240730,20240730                                                                                                                 
6172X,0,0,1,0,0,0,0,20240731,20240731                                                                                                                 
6173J,0,0,0,1,0,0,0,20240801,20240801                                                                                                                 
6174V,0,0,0,0,1,0,0,20240802,20240802                                                                                                                 
6175S,0,0,0,0,0,1,0,20240803,20240803                                                                                                                 
6176D,0,0,0,0,0,0,1,20240804,20240804                                                                                                                 
6177L,1,0,0,0,0,0,0,20240805,20240805                                                                                                                 
6178M,0,1,0,0,0,0,0,20240806,20240806                                                                                                                 
6179X,0,0,1,0,0,0,0,20240807,20240807                                                                                                                 
6249L,1,0,0,0,0,0,0,20240708,20240708                                                                                                                 
6250M,0,1,0,0,0,0,0,20240709,20240709                                                                                                                 
6251X,0,0,1,0,0,0,0,20240710,20240710                                                                                                                 
6252J,0,0,0,1,0,0,0,20240711,20240711                                                                                                                 
6253V,0,0,0,0,1,0,0,20240712,20240712                                                                                                                 
6254S,0,0,0,0,0,1,0,20240713,20240713                                                                                                                 
6255D,0,0,0,0,0,0,1,20240714,20240714                                                                                                                 
6256L,1,0,0,0,0,0,0,20240715,20240715                                                                                                                 
6257M,0,1,0,0,0,0,0,20240716,20240716                                                                                                                 
6258X,0,0,1,0,0,0,0,20240717,20240717                                                                                                                 
6259J,0,0,0,1,0,0,0,20240718,20240718                                                                                                                 
6260V,0,0,0,0,1,0,0,20240719,20240719                                                                                                                 
6261S,0,0,0,0,0,1,0,20240720,20240720                                                                                                                 
6262D,0,0,0,0,0,0,1,20240721,20240721                                                                                                                 
6263L,1,0,0,0,0,0,0,20240722,20240722                                                                                                                 
6264M,0,1,0,0,0,0,0,20240723,20240723                                                                                                                 
6265X,0,0,1,0,0,0,0,20240724,20240724                                                                                                                 
6266J,0,0,0,1,0,0,0,20240725,20240725                                                                                                                 
6267V,0,0,0,0,1,0,0,20240726,20240726                                                                                                                 
6268S,0,0,0,0,0,1,0,20240727,20240727                                                                                                                 
6269D,0,0,0,0,0,0,1,20240728,20240728                                                                                                                 
6270L,1,0,0,0,0,0,0,20240729,20240729                                                                                                                 
6271M,0,1,0,0,0,0,0,20240730,20240730                                                                                                                 
6272X,0,0,1,0,0,0,0,20240731,20240731                                                                                                                 
6273J,0,0,0,1,0,0,0,20240801,20240801                                                                                                                 
6274V,0,0,0,0,1,0,0,20240802,20240802                                                                                                                 
6275S,0,0,0,0,0,1,0,20240803,20240803                                                                                                                 
6276D,0,0,0,0,0,0,1,20240804,20240804                                                                                                                 
6277L,1,0,0,0,0,0,0,20240805,20240805                                                                                                                 
6278M,0,1,0,0,0,0,0,20240806,20240806                                                                                                                 
6279X,0,0,1,0,0,0,0,20240807,20240807                                                                                                                 
7049L,1,0,0,0,0,0,0,20240708,20240708                                                                                                                 
7050M,0,1,0,0,0,0,0,20240709,20240709                                                                                                                 
7051X,0,0,1,0,0,0,0,20240710,20240710                                                                                                                 
7052J,0,0,0,1,0,0,0,20240711,20240711                                                                                                                 
7053V,0,0,0,0,1,0,0,20240712,20240712                                                                                                                 
7054S,0,0,0,0,0,1,0,20240713,20240713                                                                                                                 
7055D,0,0,0,0,0,0,1,20240714,20240714                                                                                                                 
7056L,1,0,0,0,0,0,0,20240715,20240715                                                                                                                 
7057M,0,1,0,0,0,0,0,20240716,20240716                                                                                                                 
7058X,0,0,1,0,0,0,0,20240717,20240717                                                                                                                 
7059J,0,0,0,1,0,0,0,20240718,20240718                                                                                                                 
7060V,0,0,0,0,1,0,0,20240719,20240719                                                                                                                 
7061S,0,0,0,0,0,1,0,20240720,20240720                                                                                                                 
7062D,0,0,0,0,0,0,1,20240721,20240721                                                                                                                 
7063L,1,0,0,0,0,0,0,20240722,20240722                                                                                                                 
7064M,0,1,0,0,0,0,0,20240723,20240723                                                                                                                 
7065X,0,0,1,0,0,0,0,20240724,20240724                                                                                                                 
7066J,0,0,0,1,0,0,0,20240725,20240725                                                                                                                 
7067V,0,0,0,0,1,0,0,20240726,20240726                                                                                                                 
7068S,0,0,0,0,0,1,0,20240727,20240727                                                                                                                 
7069D,0,0,0,0,0,0,1,20240728,20240728                                                                                                                 
7070L,1,0,0,0,0,0,0,20240729,20240729                                                                                                                 
7071M,0,1,0,0,0,0,0,20240730,20240730                                                                                                                 
7072X,0,0,1,0,0,0,0,20240731,20240731                                                                                                                 
7073J,0,0,0,1,0,0,0,20240801,20240801                                                                                                                 
7074V,0,0,0,0,1,0,0,20240802,20240802                                                                                                                 
7075S,0,0,0,0,0,1,0,20240803,20240803                                                                                                                 
7076D,0,0,0,0,0,0,1,20240804,20240804                                                                                                                 
7077L,1,0,0,0,0,0,0,20240805,20240805                                                                                                                 
7078M,0,1,0,0,0,0,0,20240806,20240806                                                                                                                 
7079X,0,0,1,0,0,0,0,20240807,20240807                                                                                                                 
